{
 "cells": [
  {
   "cell_type": "code",
   "execution_count": 1,
   "id": "2ae17bc4-42a5-47fa-b218-323687f64266",
   "metadata": {},
   "outputs": [],
   "source": [
    "from pathlib import Path\n",
    "import pandas as pd\n",
    "import numpy as np\n",
    "import json"
   ]
  },
  {
   "cell_type": "code",
   "execution_count": 2,
   "id": "de1e8f03-af4d-4117-9418-3db066b3dcd7",
   "metadata": {},
   "outputs": [
    {
     "name": "stdout",
     "output_type": "stream",
     "text": [
      "/home/boran/Desktop/financial-ETL/data\n"
     ]
    }
   ],
   "source": [
    "DATA_DIR = Path().resolve().parent / \"data\" \n",
    "print(DATA_DIR)\n",
    "with open(DATA_DIR / 'stock_data.json', 'r') as file:\n",
    "    # Load the data from the file\n",
    "    nested_data = json.load(file)"
   ]
  },
  {
   "cell_type": "code",
   "execution_count": 3,
   "id": "6f7e83cc-433d-4d9c-a60b-ea57ef843db2",
   "metadata": {},
   "outputs": [],
   "source": [
    "aapl_data = nested_data[1]['AAPL']\n",
    "\n",
    "# Initialize a DataFrame\n",
    "df = pd.DataFrame()\n",
    "\n",
    "# Flatten each key and create columns\n",
    "for key, nested_dict in aapl_data.items():\n",
    "    flattened = pd.DataFrame.from_dict(nested_dict, orient='index', columns=[key])\n",
    "    df = pd.concat([df, flattened], axis=1)"
   ]
  },
  {
   "cell_type": "code",
   "execution_count": 4,
   "id": "0d967429-ac70-4e2d-9e7d-e40b1d5a40e2",
   "metadata": {},
   "outputs": [
    {
     "data": {
      "text/html": [
       "<div>\n",
       "<style scoped>\n",
       "    .dataframe tbody tr th:only-of-type {\n",
       "        vertical-align: middle;\n",
       "    }\n",
       "\n",
       "    .dataframe tbody tr th {\n",
       "        vertical-align: top;\n",
       "    }\n",
       "\n",
       "    .dataframe thead th {\n",
       "        text-align: right;\n",
       "    }\n",
       "</style>\n",
       "<table border=\"1\" class=\"dataframe\">\n",
       "  <thead>\n",
       "    <tr style=\"text-align: right;\">\n",
       "      <th></th>\n",
       "      <th>Date</th>\n",
       "      <th>Close/Last</th>\n",
       "      <th>Volume</th>\n",
       "      <th>Open</th>\n",
       "      <th>High</th>\n",
       "      <th>Low</th>\n",
       "    </tr>\n",
       "  </thead>\n",
       "  <tbody>\n",
       "    <tr>\n",
       "      <th>0</th>\n",
       "      <td>11/25/2024</td>\n",
       "      <td>$232.87</td>\n",
       "      <td>90152830</td>\n",
       "      <td>$231.46</td>\n",
       "      <td>$233.245</td>\n",
       "      <td>$229.74</td>\n",
       "    </tr>\n",
       "    <tr>\n",
       "      <th>1</th>\n",
       "      <td>11/22/2024</td>\n",
       "      <td>$229.87</td>\n",
       "      <td>38168250</td>\n",
       "      <td>$228.06</td>\n",
       "      <td>$230.7199</td>\n",
       "      <td>$228.06</td>\n",
       "    </tr>\n",
       "    <tr>\n",
       "      <th>2</th>\n",
       "      <td>11/21/2024</td>\n",
       "      <td>$228.52</td>\n",
       "      <td>42108330</td>\n",
       "      <td>$228.88</td>\n",
       "      <td>$230.155</td>\n",
       "      <td>$225.7103</td>\n",
       "    </tr>\n",
       "    <tr>\n",
       "      <th>3</th>\n",
       "      <td>11/20/2024</td>\n",
       "      <td>$229.00</td>\n",
       "      <td>35169570</td>\n",
       "      <td>$228.06</td>\n",
       "      <td>$229.93</td>\n",
       "      <td>$225.89</td>\n",
       "    </tr>\n",
       "    <tr>\n",
       "      <th>4</th>\n",
       "      <td>11/19/2024</td>\n",
       "      <td>$228.28</td>\n",
       "      <td>36211770</td>\n",
       "      <td>$226.98</td>\n",
       "      <td>$230.16</td>\n",
       "      <td>$226.66</td>\n",
       "    </tr>\n",
       "  </tbody>\n",
       "</table>\n",
       "</div>"
      ],
      "text/plain": [
       "         Date Close/Last    Volume     Open       High        Low\n",
       "0  11/25/2024    $232.87  90152830  $231.46   $233.245    $229.74\n",
       "1  11/22/2024    $229.87  38168250  $228.06  $230.7199    $228.06\n",
       "2  11/21/2024    $228.52  42108330  $228.88   $230.155  $225.7103\n",
       "3  11/20/2024    $229.00  35169570  $228.06    $229.93    $225.89\n",
       "4  11/19/2024    $228.28  36211770  $226.98    $230.16    $226.66"
      ]
     },
     "execution_count": 4,
     "metadata": {},
     "output_type": "execute_result"
    }
   ],
   "source": [
    "df.head()"
   ]
  },
  {
   "cell_type": "code",
   "execution_count": 5,
   "id": "d6676f5a-0fd0-4143-abc0-f3286bd47bb4",
   "metadata": {},
   "outputs": [
    {
     "data": {
      "text/html": [
       "<div>\n",
       "<style scoped>\n",
       "    .dataframe tbody tr th:only-of-type {\n",
       "        vertical-align: middle;\n",
       "    }\n",
       "\n",
       "    .dataframe tbody tr th {\n",
       "        vertical-align: top;\n",
       "    }\n",
       "\n",
       "    .dataframe thead th {\n",
       "        text-align: right;\n",
       "    }\n",
       "</style>\n",
       "<table border=\"1\" class=\"dataframe\">\n",
       "  <thead>\n",
       "    <tr style=\"text-align: right;\">\n",
       "      <th></th>\n",
       "      <th>Date</th>\n",
       "      <th>Close</th>\n",
       "      <th>Volume</th>\n",
       "      <th>Open</th>\n",
       "      <th>High</th>\n",
       "      <th>Low</th>\n",
       "    </tr>\n",
       "  </thead>\n",
       "  <tbody>\n",
       "    <tr>\n",
       "      <th>0</th>\n",
       "      <td>11/25/2024</td>\n",
       "      <td>232.87</td>\n",
       "      <td>90152830</td>\n",
       "      <td>231.46</td>\n",
       "      <td>233.2450</td>\n",
       "      <td>229.7400</td>\n",
       "    </tr>\n",
       "    <tr>\n",
       "      <th>1</th>\n",
       "      <td>11/22/2024</td>\n",
       "      <td>229.87</td>\n",
       "      <td>38168250</td>\n",
       "      <td>228.06</td>\n",
       "      <td>230.7199</td>\n",
       "      <td>228.0600</td>\n",
       "    </tr>\n",
       "    <tr>\n",
       "      <th>2</th>\n",
       "      <td>11/21/2024</td>\n",
       "      <td>228.52</td>\n",
       "      <td>42108330</td>\n",
       "      <td>228.88</td>\n",
       "      <td>230.1550</td>\n",
       "      <td>225.7103</td>\n",
       "    </tr>\n",
       "    <tr>\n",
       "      <th>3</th>\n",
       "      <td>11/20/2024</td>\n",
       "      <td>229.00</td>\n",
       "      <td>35169570</td>\n",
       "      <td>228.06</td>\n",
       "      <td>229.9300</td>\n",
       "      <td>225.8900</td>\n",
       "    </tr>\n",
       "    <tr>\n",
       "      <th>4</th>\n",
       "      <td>11/19/2024</td>\n",
       "      <td>228.28</td>\n",
       "      <td>36211770</td>\n",
       "      <td>226.98</td>\n",
       "      <td>230.1600</td>\n",
       "      <td>226.6600</td>\n",
       "    </tr>\n",
       "    <tr>\n",
       "      <th>5</th>\n",
       "      <td>11/18/2024</td>\n",
       "      <td>228.02</td>\n",
       "      <td>44686020</td>\n",
       "      <td>225.25</td>\n",
       "      <td>229.7400</td>\n",
       "      <td>225.1700</td>\n",
       "    </tr>\n",
       "    <tr>\n",
       "      <th>6</th>\n",
       "      <td>11/15/2024</td>\n",
       "      <td>225.00</td>\n",
       "      <td>47923700</td>\n",
       "      <td>226.40</td>\n",
       "      <td>226.9200</td>\n",
       "      <td>224.2700</td>\n",
       "    </tr>\n",
       "    <tr>\n",
       "      <th>7</th>\n",
       "      <td>11/14/2024</td>\n",
       "      <td>228.22</td>\n",
       "      <td>44923940</td>\n",
       "      <td>225.02</td>\n",
       "      <td>228.8700</td>\n",
       "      <td>225.0000</td>\n",
       "    </tr>\n",
       "    <tr>\n",
       "      <th>8</th>\n",
       "      <td>11/13/2024</td>\n",
       "      <td>225.12</td>\n",
       "      <td>48566220</td>\n",
       "      <td>224.01</td>\n",
       "      <td>226.6500</td>\n",
       "      <td>222.7600</td>\n",
       "    </tr>\n",
       "    <tr>\n",
       "      <th>9</th>\n",
       "      <td>11/12/2024</td>\n",
       "      <td>224.23</td>\n",
       "      <td>40398300</td>\n",
       "      <td>224.55</td>\n",
       "      <td>225.5900</td>\n",
       "      <td>223.3550</td>\n",
       "    </tr>\n",
       "  </tbody>\n",
       "</table>\n",
       "</div>"
      ],
      "text/plain": [
       "         Date   Close    Volume    Open      High       Low\n",
       "0  11/25/2024  232.87  90152830  231.46  233.2450  229.7400\n",
       "1  11/22/2024  229.87  38168250  228.06  230.7199  228.0600\n",
       "2  11/21/2024  228.52  42108330  228.88  230.1550  225.7103\n",
       "3  11/20/2024  229.00  35169570  228.06  229.9300  225.8900\n",
       "4  11/19/2024  228.28  36211770  226.98  230.1600  226.6600\n",
       "5  11/18/2024  228.02  44686020  225.25  229.7400  225.1700\n",
       "6  11/15/2024  225.00  47923700  226.40  226.9200  224.2700\n",
       "7  11/14/2024  228.22  44923940  225.02  228.8700  225.0000\n",
       "8  11/13/2024  225.12  48566220  224.01  226.6500  222.7600\n",
       "9  11/12/2024  224.23  40398300  224.55  225.5900  223.3550"
      ]
     },
     "execution_count": 5,
     "metadata": {},
     "output_type": "execute_result"
    }
   ],
   "source": [
    "df.rename(columns={\n",
    "    \"Close/Last\":\"Close\"\n",
    "}, inplace=True)\n",
    "\n",
    "columns_to_clean = ['Close', 'Open', 'High', 'Low']\n",
    "df[columns_to_clean] = df[columns_to_clean].replace({r'\\$': ''}, regex=True).astype(float)\n",
    "\n",
    "numeric_columns = [\"Close\", \"Volume\", \"Open\", \"High\", \"Low\"]\n",
    "df[numeric_columns] = df[numeric_columns].apply(pd.to_numeric)\n",
    "\n",
    "df.reset_index(drop=True, inplace=True)\n",
    "df.head(10)"
   ]
  },
  {
   "cell_type": "code",
   "execution_count": 7,
   "id": "3cb6f3a5-e0d9-429c-a13e-a3384f07b3f1",
   "metadata": {},
   "outputs": [
    {
     "data": {
      "text/html": [
       "<div>\n",
       "<style scoped>\n",
       "    .dataframe tbody tr th:only-of-type {\n",
       "        vertical-align: middle;\n",
       "    }\n",
       "\n",
       "    .dataframe tbody tr th {\n",
       "        vertical-align: top;\n",
       "    }\n",
       "\n",
       "    .dataframe thead th {\n",
       "        text-align: right;\n",
       "    }\n",
       "</style>\n",
       "<table border=\"1\" class=\"dataframe\">\n",
       "  <thead>\n",
       "    <tr style=\"text-align: right;\">\n",
       "      <th></th>\n",
       "      <th>Date</th>\n",
       "      <th>Close</th>\n",
       "      <th>Volume</th>\n",
       "      <th>Open</th>\n",
       "      <th>High</th>\n",
       "      <th>Low</th>\n",
       "    </tr>\n",
       "  </thead>\n",
       "  <tbody>\n",
       "    <tr>\n",
       "      <th>0</th>\n",
       "      <td>2024-11-25</td>\n",
       "      <td>232.87</td>\n",
       "      <td>90152830</td>\n",
       "      <td>231.46</td>\n",
       "      <td>233.2450</td>\n",
       "      <td>229.7400</td>\n",
       "    </tr>\n",
       "    <tr>\n",
       "      <th>1</th>\n",
       "      <td>2024-11-22</td>\n",
       "      <td>229.87</td>\n",
       "      <td>38168250</td>\n",
       "      <td>228.06</td>\n",
       "      <td>230.7199</td>\n",
       "      <td>228.0600</td>\n",
       "    </tr>\n",
       "    <tr>\n",
       "      <th>2</th>\n",
       "      <td>2024-11-21</td>\n",
       "      <td>228.52</td>\n",
       "      <td>42108330</td>\n",
       "      <td>228.88</td>\n",
       "      <td>230.1550</td>\n",
       "      <td>225.7103</td>\n",
       "    </tr>\n",
       "    <tr>\n",
       "      <th>3</th>\n",
       "      <td>2024-11-20</td>\n",
       "      <td>229.00</td>\n",
       "      <td>35169570</td>\n",
       "      <td>228.06</td>\n",
       "      <td>229.9300</td>\n",
       "      <td>225.8900</td>\n",
       "    </tr>\n",
       "    <tr>\n",
       "      <th>4</th>\n",
       "      <td>2024-11-19</td>\n",
       "      <td>228.28</td>\n",
       "      <td>36211770</td>\n",
       "      <td>226.98</td>\n",
       "      <td>230.1600</td>\n",
       "      <td>226.6600</td>\n",
       "    </tr>\n",
       "    <tr>\n",
       "      <th>5</th>\n",
       "      <td>2024-11-18</td>\n",
       "      <td>228.02</td>\n",
       "      <td>44686020</td>\n",
       "      <td>225.25</td>\n",
       "      <td>229.7400</td>\n",
       "      <td>225.1700</td>\n",
       "    </tr>\n",
       "    <tr>\n",
       "      <th>6</th>\n",
       "      <td>2024-11-15</td>\n",
       "      <td>225.00</td>\n",
       "      <td>47923700</td>\n",
       "      <td>226.40</td>\n",
       "      <td>226.9200</td>\n",
       "      <td>224.2700</td>\n",
       "    </tr>\n",
       "    <tr>\n",
       "      <th>7</th>\n",
       "      <td>2024-11-14</td>\n",
       "      <td>228.22</td>\n",
       "      <td>44923940</td>\n",
       "      <td>225.02</td>\n",
       "      <td>228.8700</td>\n",
       "      <td>225.0000</td>\n",
       "    </tr>\n",
       "    <tr>\n",
       "      <th>8</th>\n",
       "      <td>2024-11-13</td>\n",
       "      <td>225.12</td>\n",
       "      <td>48566220</td>\n",
       "      <td>224.01</td>\n",
       "      <td>226.6500</td>\n",
       "      <td>222.7600</td>\n",
       "    </tr>\n",
       "    <tr>\n",
       "      <th>9</th>\n",
       "      <td>2024-11-12</td>\n",
       "      <td>224.23</td>\n",
       "      <td>40398300</td>\n",
       "      <td>224.55</td>\n",
       "      <td>225.5900</td>\n",
       "      <td>223.3550</td>\n",
       "    </tr>\n",
       "  </tbody>\n",
       "</table>\n",
       "</div>"
      ],
      "text/plain": [
       "        Date   Close    Volume    Open      High       Low\n",
       "0 2024-11-25  232.87  90152830  231.46  233.2450  229.7400\n",
       "1 2024-11-22  229.87  38168250  228.06  230.7199  228.0600\n",
       "2 2024-11-21  228.52  42108330  228.88  230.1550  225.7103\n",
       "3 2024-11-20  229.00  35169570  228.06  229.9300  225.8900\n",
       "4 2024-11-19  228.28  36211770  226.98  230.1600  226.6600\n",
       "5 2024-11-18  228.02  44686020  225.25  229.7400  225.1700\n",
       "6 2024-11-15  225.00  47923700  226.40  226.9200  224.2700\n",
       "7 2024-11-14  228.22  44923940  225.02  228.8700  225.0000\n",
       "8 2024-11-13  225.12  48566220  224.01  226.6500  222.7600\n",
       "9 2024-11-12  224.23  40398300  224.55  225.5900  223.3550"
      ]
     },
     "execution_count": 7,
     "metadata": {},
     "output_type": "execute_result"
    }
   ],
   "source": [
    "df[\"Date\"] = pd.to_datetime(df[\"Date\"])\n",
    "df.head(10)"
   ]
  },
  {
   "cell_type": "code",
   "execution_count": 8,
   "id": "d48ed7ff-5ecf-466f-8b56-a0ed23fee324",
   "metadata": {},
   "outputs": [],
   "source": [
    "output_csv_path = DATA_DIR / 'stock_data.csv'\n",
    "df.to_csv(output_csv_path, index=False)"
   ]
  },
  {
   "cell_type": "code",
   "execution_count": null,
   "id": "852b301e-0058-4693-84e2-d88e6c84f4ed",
   "metadata": {},
   "outputs": [],
   "source": []
  }
 ],
 "metadata": {
  "kernelspec": {
   "display_name": "Python 3 (ipykernel)",
   "language": "python",
   "name": "python3"
  },
  "language_info": {
   "codemirror_mode": {
    "name": "ipython",
    "version": 3
   },
   "file_extension": ".py",
   "mimetype": "text/x-python",
   "name": "python",
   "nbconvert_exporter": "python",
   "pygments_lexer": "ipython3",
   "version": "3.12.3"
  }
 },
 "nbformat": 4,
 "nbformat_minor": 5
}
